0.150000	1.120000	1
1.770000	2.760000	2
3.770000	4.350000	3
12.280000	14.480000	4
15.310000	15.500000	5
21.260000	21.530000	6
29.770000	30.560000	7
31.530000	32.400000	8
33.060000	33.850000	9
35.010000	36.000000	10
36.600000	37.860000	11
39.340000	42.490000	12
43.540000	51.260000	13
52.090000	54.760000	14
60.810000	66.800000	15
69.560000	74.120000	16
74.810000	77.330000	17
77.870000	81.250000	18
81.770000	82.840000	19
83.450000	85.300000	20
86.790000	86.870000	21
93.190000	93.360000	22
94.430000	102.310000	23
105.490000	107.210000	24
108.010000	109.300000	25
109.930000	114.520000	26
115.120000	116.280000	27
119.600000	119.820000	28
134.840000	135.140000	29
137.350000	142.820000	30
143.630000	145.110000	31
151.170000	152.460000	32
153.630000	154.580000	33
157.710000	160.900000	34
172.880000	175.280000	35
179.450000	182.000000	36
183.040000	184.810000	37
186.040000	190.100000	38
191.210000	191.680000	39
192.340000	194.750000	40
195.450000	196.990000	41
197.710000	198.380000	42
199.570000	201.030000	43
202.130000	205.490000	44
206.450000	212.880000	45
213.460000	218.250000	46
219.020000	220.900000	47
221.460000	228.540000	48
230.120000	237.080000	49
237.720000	238.940000	50
242.100000	246.220000	51
246.890000	249.150000	52
249.870000	250.070000	53
250.670000	252.940000	54
253.610000	256.560000	55
257.390000	259.210000	56
259.800000	268.700000	57
269.310000	271.210000	58
273.200000	273.330000	59
273.840000	276.920000	60
277.450000	279.930000	61
281.020000	285.530000	62
286.890000	290.880000	63
292.100000	294.790000	64
295.370000	296.430000	65
297.320000	298.920000	66
299.500000	302.430000	67
304.140000	305.280000	68
306.120000	307.170000	69
307.880000	310.690000	70
312.220000	317.880000	71
318.550000	320.330000	72
323.340000	324.920000	73
325.730000	326.570000	74
327.180000	327.410000	75
328.060000	328.350000	76
329.170000	331.340000	77
332.850000	334.790000	78
335.710000	338.110000	79
340.280000	343.050000	80
343.670000	346.760000	81
347.460000	349.650000	82
350.430000	356.740000	83
357.350000	362.480000	84
363.850000	364.180000	85
364.880000	368.680000	86
369.970000	370.280000	87
373.120000	376.720000	88
382.490000	382.620000	89
387.010000	388.720000	90
390.420000	393.470000	91
394.050000	396.420000	92
397.110000	405.180000	93
406.680000	407.430000	94
408.000000	415.190000	95
428.640000	436.740000	96
437.490000	439.390000	97
440.570000	445.510000	98
447.310000	450.020000	99
450.700000	452.260000	100
452.950000	453.430000	101
454.240000	455.300000	102
456.330000	458.590000	103
459.320000	462.000000	104
463.870000	464.700000	105
465.620000	466.660000	106
467.460000	468.860000	107
469.630000	472.100000	108
474.100000	476.310000	109
477.140000	477.680000	110
478.310000	479.390000	111
480.540000	483.640000	112
484.550000	484.830000	113
486.550000	489.450000	114
490.210000	490.840000	115
498.880000	503.620000	116
504.440000	506.400000	117
507.410000	510.240000	118
511.800000	515.170000	119
515.680000	518.080000	120
519.580000	520.890000	121
521.890000	523.930000	122
525.360000	532.500000	123
533.370000	534.470000	124
535.290000	536.360000	125
537.540000	539.210000	126
540.940000	544.000000	127
544.710000	545.440000	128
546.880000	553.930000	129
554.810000	560.910000	130
563.800000	565.620000	131
567.580000	567.690000	132
568.640000	569.440000	133
570.790000	571.470000	134
572.370000	577.470000	135
578.440000	580.860000	136
581.670000	582.120000	137
582.750000	584.520000	138
585.310000	587.640000	139
589.710000	591.120000	140
593.800000	601.770000	141
602.930000	605.600000	142
606.240000	606.420000	143
614.340000	614.480000	144
615.870000	616.000000	145
619.380000	621.640000	146
625.530000	626.370000	147
629.870000	632.010000	148
633.790000	642.370000	149
645.110000	647.860000	150
648.370000	650.270000	151
650.900000	655.400000	152
656.730000	658.940000	153
659.640000	660.240000	154
660.900000	661.290000	155
662.200000	663.980000	156
665.130000	667.440000	157
668.100000	675.010000	158
680.990000	681.150000	159
682.100000	682.310000	160
684.480000	684.770000	161
686.640000	687.950000	162
692.320000	699.670000	163
700.350000	702.570000	164
704.720000	705.630000	165
725.060000	728.400000	166
728.910000	729.160000	167
733.650000	735.380000	168
735.980000	738.250000	169
738.960000	744.940000	170
745.450000	746.350000	171
748.120000	752.780000	172
755.170000	757.620000	173
758.960000	760.440000	174
761.860000	773.350000	175
778.290000	783.830000	176
785.010000	794.100000	177
795.080000	805.340000	178
815.850000	816.130000	179
820.950000	826.270000	180
827.360000	828.460000	181
829.100000	830.600000	182
831.630000	836.850000	183
837.490000	841.690000	184
842.400000	843.320000	185
843.920000	845.370000	186
845.970000	847.420000	187
848.550000	852.760000	188
853.400000	854.310000	189
855.170000	855.370000	190
855.990000	856.560000	191
858.830000	859.230000	192
861.600000	862.660000	193
863.760000	868.750000	194
872.650000	877.890000	195
878.610000	879.120000	196
887.640000	888.130000	197
901.580000	902.520000	198
903.940000	905.060000	199
912.020000	919.770000	200
923.750000	924.060000	201
935.020000	935.680000	202
951.680000	956.180000	203
970.900000	974.250000	204
975.330000	976.040000	205
981.650000	984.770000	206
986.500000	987.540000	207
990.240000	991.420000	208
992.130000	994.700000	209
995.300000	995.760000	210
1000.700000	1002.460000	211
1004.590000	1005.280000	212
1015.500000	1017.150000	213
1018.200000	1023.210000	214
1023.830000	1026.570000	215
1027.150000	1028.040000	216
1028.690000	1030.990000	217
1032.330000	1032.490000	218
1033.260000	1042.370000	219
1043.220000	1043.670000	220
1044.590000	1047.370000	221
1047.950000	1052.090000	222
1052.730000	1054.800000	223
1055.400000	1059.360000	224
1059.910000	1069.060000	225
1069.590000	1069.870000	226
1082.740000	1082.890000	227
1086.420000	1087.680000	228
1100.270000	1100.430000	229
1104.720000	1110.100000	230
1111.030000	1112.080000	231
1114.930000	1120.800000	232
1124.380000	1128.320000	233
1128.900000	1130.610000	234
1133.900000	1137.080000	235
1138.060000	1140.130000	236
1140.780000	1141.040000	237
1142.110000	1146.350000	238
1150.300000	1150.550000	239
1152.380000	1159.100000	240
1160.410000	1167.560000	241
1168.130000	1171.140000	242
1183.150000	1183.420000	243
1186.240000	1188.100000	244
1189.100000	1192.980000	245
1194.380000	1195.310000	246
1197.630000	1202.720000	247
1203.960000	1205.310000	248
1206.430000	1208.020000	249
1208.870000	1210.700000	250
1211.380000	1214.920000	251
1321.010000	1321.190000	252
1334.390000	1336.590000	253
1343.270000	1345.350000	254
1346.470000	1353.000000	255
1354.700000	1359.470000	256
1362.780000	1364.350000	257
1365.350000	1366.880000	258
1367.570000	1370.830000	259
1374.600000	1378.510000	260
1400.030000	1401.080000	261
1405.520000	1406.090000	262
1407.600000	1407.800000	263
1408.580000	1410.820000	264
1412.080000	1413.560000	265
1414.140000	1419.580000	266
1420.740000	1422.260000	267
1422.900000	1430.560000	268
1433.710000	1437.470000	269
1456.520000	1456.720000	270
1470.180000	1473.010000	271
1479.480000	1479.680000	272
1481.920000	1483.380000	273
1483.970000	1484.800000	274
1488.380000	1493.290000	275
1493.830000	1494.350000	276
1497.260000	1498.920000	277
1503.090000	1505.320000	278
1505.980000	1506.400000	279
1509.530000	1514.780000	280
1519.450000	1519.620000	281
1532.450000	1535.630000	282
1537.730000	1537.960000	283
1548.820000	1549.140000	284
1554.460000	1556.840000	285
1569.680000	1569.950000	286
1575.700000	1575.910000	287
1581.620000	1583.060000	288
1583.670000	1585.970000	289
1603.490000	1604.340000	290
1605.650000	1607.130000	291
1607.670000	1608.940000	292
1616.610000	1619.450000	293
1621.710000	1624.380000	294
1625.170000	1627.070000	295
1630.610000	1632.420000	296
1633.190000	1637.430000	297
1638.050000	1639.770000	298
1642.270000	1644.770000	299
1647.940000	1648.800000	300
1650.990000	1652.540000	301
1660.370000	1662.300000	302
1669.450000	1670.620000	303
1717.680000	1717.900000	304
1742.010000	1742.710000	305
1762.260000	1762.490000	306
1763.120000	1765.310000	307
1766.570000	1767.090000	308
1769.300000	1775.230000	309
1775.760000	1778.040000	310
1814.090000	1814.330000	311
1825.890000	1828.360000	312
1831.300000	1831.740000	313
1832.340000	1832.750000	314
1855.160000	1860.160000	315
1924.150000	1924.860000	316
1975.780000	1976.220000	317
1977.500000	1979.060000	318
1982.550000	1982.840000	319
1986.190000	1986.420000	320
2004.700000	2006.360000	321
2008.630000	2009.300000	322
2018.270000	2018.450000	323
2020.700000	2022.140000	324
2023.280000	2025.320000	325
2026.230000	2027.780000	326
2028.680000	2034.060000	327
2037.550000	2037.840000	328
2049.620000	2053.970000	329
2055.300000	2055.670000	330
2069.100000	2074.180000	331
2074.750000	2077.900000	332
2082.310000	2084.140000	333
2084.810000	2094.030000	334
2096.100000	2097.250000	335
2121.450000	2121.800000	336
2153.190000	2153.730000	337
2174.970000	2175.150000	338
2186.520000	2187.160000	339
2191.980000	2192.820000	340
2210.370000	2210.990000	341
2217.560000	2219.620000	342
2220.410000	2222.550000	343
2242.810000	2242.980000	344
2245.300000	2245.710000	345
2247.270000	2247.580000	346
2248.500000	2251.990000	347
2252.510000	2255.340000	348
2255.950000	2260.860000	349
2291.680000	2291.910000	350
2296.080000	2296.260000	351
2303.740000	2306.710000	352
2307.670000	2307.940000	353
2308.610000	2310.460000	354
2313.690000	2314.740000	355
2315.910000	2316.860000	356
2318.950000	2324.500000	357
2325.070000	2329.140000	358
2345.430000	2348.850000	359
2352.530000	2352.730000	360
2354.640000	2356.070000	361
2356.640000	2358.740000	362
2359.330000	2361.460000	363
2429.730000	2433.550000	364
2438.700000	2440.120000	365
2443.230000	2443.540000	366
2452.110000	2453.400000	367
2456.820000	2457.130000	368
2457.880000	2461.920000	369
2464.000000	2469.960000	370
2473.590000	2476.180000	371
2479.340000	2486.430000	372
2487.150000	2489.380000	373
2505.290000	2506.460000	374
2514.140000	2515.210000	375
2522.450000	2525.480000	376
2536.170000	2536.290000	377
2536.910000	2537.470000	378
2538.150000	2539.160000	379
2548.050000	2548.790000	380
2550.720000	2553.900000	381
2564.590000	2565.460000	382
2566.000000	2566.950000	383
2576.750000	2580.120000	384
2580.630000	2582.800000	385
2598.500000	2600.630000	386
2614.700000	2618.630000	387
2620.120000	2622.370000	388
2623.440000	2625.050000	389
2626.220000	2627.360000	390
2629.060000	2632.890000	391
2633.430000	2634.020000	392
2648.880000	2650.110000	393
2665.900000	2667.250000	394
2668.590000	2674.040000	395
2683.090000	2685.040000	396
2685.810000	2686.330000	397
2687.740000	2688.050000	398
2688.850000	2689.300000	399
2702.590000	2702.710000	400
2706.430000	2707.280000	401
2707.900000	2709.060000	402
2732.640000	2735.590000	403
2736.570000	2737.270000	404
2746.220000	2746.500000	405
2754.570000	2757.550000	406
2775.730000	2775.940000	407
2778.790000	2784.830000	408
2813.390000	2819.920000	409
2827.350000	2833.120000	410
2833.660000	2834.890000	411
2835.560000	2836.650000	412
2851.990000	2856.230000	413
2863.670000	2868.490000	414
2875.340000	2876.070000	415
2886.320000	2886.630000	416
2890.390000	2891.060000	417
2898.180000	2898.560000	418
2901.700000	2902.340000	419
2906.970000	2907.410000	420
2909.790000	2910.590000	421
2913.970000	2914.590000	422
2917.640000	2921.230000	423
2935.860000	2936.000000	424
2974.800000	2975.990000	425
2976.610000	2977.950000	426
2979.460000	2980.500000	427
2982.910000	2983.230000	428
2983.820000	2984.130000	429
2984.790000	2989.250000	430
2989.770000	2992.650000	431
3005.450000	3008.130000	432
3014.070000	3014.990000	433
3030.200000	3032.410000	434
3033.000000	3035.510000	435
3047.450000	3047.740000	436
3050.170000	3051.330000	437
3051.850000	3062.230000	438
3082.240000	3086.820000	439
3087.390000	3087.620000	440
3088.150000	3089.810000	441
3092.310000	3095.270000	442
3096.070000	3098.950000	443
3137.960000	3138.190000	444
3155.680000	3155.790000	445
3172.210000	3172.440000	446
3174.310000	3176.100000	447
3180.930000	3182.520000	448
3187.080000	3189.010000	449
3201.190000	3201.520000	450
3209.160000	3211.070000	451
3211.790000	3217.770000	452
3220.610000	3221.520000	453
3222.310000	3222.870000	454
3223.660000	3224.010000	455
3224.610000	3227.450000	456
3228.690000	3233.240000	457
3233.800000	3237.000000	458
3237.580000	3239.300000	459
3240.930000	3241.520000	460
3242.870000	3245.690000	461
3248.120000	3248.360000	462
3253.960000	3258.890000	463
3259.700000	3261.820000	464
3263.000000	3268.330000	465
3268.950000	3274.050000	466
3275.680000	3275.960000	467
3279.330000	3281.500000	468
3282.420000	3284.190000	469
3285.900000	3286.080000	470
3287.960000	3288.190000	471
3290.200000	3295.790000	472
3296.340000	3300.970000	473
3315.850000	3316.250000	474
3320.250000	3321.710000	475
3323.860000	3324.150000	476
3345.950000	3346.480000	477
3347.600000	3348.710000	478
3363.930000	3364.490000	479
3365.220000	3367.350000	480
3371.630000	3373.530000	481
3374.120000	3377.300000	482
3398.040000	3398.550000	483
3399.110000	3399.740000	484
3410.780000	3411.290000	485
3456.020000	3457.280000	486
3459.870000	3460.160000	487
3467.770000	3469.310000	488
3483.320000	3484.120000	489
3484.990000	3487.190000	490
3487.810000	3488.650000	491
3494.690000	3495.150000	492
3496.480000	3496.770000	493
3499.710000	3500.000000	494
3505.710000	3505.990000	495
3514.960000	3515.590000	496
3516.420000	3517.490000	497
3523.400000	3524.870000	498
3534.280000	3536.290000	499
3538.350000	3540.440000	500
3543.100000	3543.410000	501
3544.020000	3545.500000	502
3557.090000	3557.420000	503
3558.970000	3559.220000	504
3570.330000	3570.820000	505
3581.050000	3583.330000	506
3584.460000	3588.630000	507
3589.160000	3591.980000	508
3592.540000	3596.350000	509
3619.840000	3629.020000	510
3629.630000	3630.600000	511
3633.650000	3634.510000	512
3636.990000	3642.600000	513
3643.110000	3645.410000	514
3651.470000	3652.220000	515
3667.360000	3669.380000	516
3678.140000	3678.640000	517
3679.520000	3679.980000	518
3683.210000	3685.590000	519
3686.140000	3686.450000	520
3689.390000	3690.010000	521
3692.350000	3693.480000	522
3695.900000	3696.990000	523
3698.370000	3699.910000	524
3700.540000	3707.420000	525
3708.230000	3709.660000	526
3713.140000	3715.200000	527
3719.440000	3720.940000	528
3721.520000	3723.380000	529
3724.620000	3726.960000	530
3738.260000	3739.150000	531
3739.970000	3740.610000	532
3750.930000	3751.830000	533
3756.990000	3757.000000	534
3770.410000	3771.090000	535
3778.530000	3779.600000	536
3782.950000	3786.600000	537
3790.200000	3790.710000	538
3792.750000	3794.020000	539
3796.970000	3797.240000	540
3798.200000	3799.560000	541
3800.180000	3802.700000	542
3803.710000	3805.420000	543
3806.050000	3806.930000	544
3815.650000	3815.660000	545
3819.160000	3819.160000	[End]
5.650000	11.520000	1
12.210000	15.740000	2
17.240000	23.290000	3
24.140000	24.770000	4
26.380000	26.660000	5
38.560000	38.990000	6
40.350000	40.960000	7
55.100000	56.570000	8
57.170000	60.090000	9
67.110000	69.210000	10
86.380000	91.030000	11
91.660000	92.710000	12
93.420000	93.690000	13
103.110000	104.710000	14
117.080000	118.790000	15
119.590000	124.410000	16
125.090000	127.150000	17
127.750000	133.800000	18
134.460000	136.810000	19
143.580000	144.220000	20
145.570000	149.790000	21
155.080000	157.980000	22
161.230000	164.900000	23
165.570000	167.990000	24
168.690000	170.080000	25
170.930000	173.420000	26
175.300000	178.040000	27
179.130000	180.480000	28
198.960000	199.010000	29
229.530000	229.640000	30
240.800000	241.330000	31
243.890000	244.580000	32
272.160000	272.700000	33
321.060000	322.640000	34
332.800000	333.450000	35
339.090000	339.900000	36
369.650000	370.350000	37
371.080000	372.590000	38
377.540000	382.010000	39
382.670000	384.660000	40
385.300000	386.240000	41
389.200000	389.830000	42
414.350000	414.950000	43
415.580000	427.320000	44
427.940000	428.220000	45
428.900000	429.220000	46
437.270000	437.500000	47
462.860000	462.950000	48
472.790000	473.960000	49
484.260000	485.800000	50
491.370000	497.580000	51
516.380000	516.390000	52
518.840000	518.950000	53
539.990000	540.210000	54
562.110000	563.120000	55
566.530000	566.610000	56
588.540000	589.270000	57
592.030000	592.870000	58
607.710000	608.710000	59
609.520000	611.120000	60
611.850000	613.560000	61
614.160000	615.430000	62
616.290000	617.340000	63
617.850000	618.790000	64
622.610000	625.550000	65
627.340000	628.760000	66
633.420000	633.500000	67
643.210000	644.700000	68
660.760000	661.560000	69
675.810000	681.690000	70
682.650000	684.080000	71
685.140000	686.190000	72
689.480000	691.860000	73
703.320000	704.040000	74
704.790000	717.670000	75
718.290000	724.360000	76
729.600000	731.070000	77
732.490000	732.920000	78
738.630000	738.810000	79
746.830000	747.370000	80
752.380000	754.790000	81
758.070000	758.830000	82
761.510000	762.720000	83
775.050000	778.040000	84
788.430000	789.070000	85
805.330000	811.650000	86
813.140000	814.550000	87
816.360000	819.660000	88
831.500000	831.690000	89
854.750000	857.860000	90
858.710000	861.140000	91
862.390000	863.160000	92
869.420000	871.970000	93
880.300000	880.560000	94
881.300000	884.000000	95
885.240000	887.040000	96
887.830000	889.130000	97
889.650000	896.760000	98
897.380000	897.940000	99
898.840000	900.050000	100
901.900000	901.940000	101
903.380000	904.200000	102
906.280000	907.050000	103
907.640000	911.570000	104
920.780000	922.410000	105
923.030000	925.420000	106
926.000000	930.060000	107
930.670000	934.340000	108
934.990000	935.190000	109
935.970000	941.830000	110
942.890000	946.240000	111
947.270000	952.010000	112
953.620000	954.000000	113
957.910000	963.890000	114
964.620000	967.300000	115
968.150000	968.290000	116
968.810000	969.500000	117
976.340000	979.090000	118
980.450000	982.100000	119
983.330000	985.840000	120
986.820000	989.410000	121
995.280000	995.540000	122
997.060000	1000.510000	123
1002.980000	1003.630000	124
1005.760000	1013.170000	125
1013.680000	1014.750000	126
1032.090000	1032.860000	127
1069.600000	1071.120000	128
1071.730000	1086.710000	129
1088.790000	1099.260000	130
1100.340000	1104.760000	131
1111.500000	1113.090000	132
1113.830000	1114.150000	133
1121.260000	1124.920000	134
1131.400000	1134.070000	135
1135.050000	1135.210000	136
1146.630000	1151.600000	137
1169.500000	1170.470000	138
1171.650000	1177.250000	139
1178.000000	1180.920000	140
1181.860000	1185.400000	141
1194.410000	1198.000000	142
1215.150000	1216.840000	143
1217.430000	1230.440000	144
1231.050000	1232.690000	145
1233.390000	1235.200000	146
1235.940000	1238.130000	147
1238.770000	1242.910000	148
1243.520000	1244.170000	149
1244.820000	1247.780000	150
1248.350000	1250.610000	151
1251.400000	1253.300000	152
1253.840000	1258.760000	153
1259.410000	1259.570000	154
1260.500000	1266.660000	155
1267.580000	1269.970000	156
1270.700000	1273.260000	157
1273.990000	1281.540000	158
1282.860000	1283.300000	159
1284.400000	1285.440000	160
1285.950000	1286.530000	161
1287.100000	1287.170000	162
1288.170000	1291.610000	163
1292.670000	1294.630000	164
1295.620000	1296.080000	165
1297.870000	1300.360000	166
1301.510000	1306.240000	167
1306.790000	1310.290000	168
1310.920000	1311.930000	169
1312.700000	1315.090000	170
1316.080000	1316.750000	171
1317.390000	1319.330000	172
1319.890000	1323.620000	173
1324.130000	1324.410000	174
1324.980000	1326.580000	175
1327.400000	1331.520000	176
1332.120000	1333.610000	177
1337.600000	1340.170000	178
1341.620000	1342.040000	179
1346.380000	1347.450000	180
1353.100000	1354.860000	181
1360.360000	1362.010000	182
1371.930000	1374.890000	183
1379.600000	1380.870000	184
1381.520000	1385.650000	185
1386.470000	1388.550000	186
1389.850000	1392.780000	187
1393.630000	1397.340000	188
1397.890000	1398.980000	189
1399.750000	1400.120000	190
1401.820000	1404.190000	191
1404.700000	1405.350000	192
1406.390000	1408.680000	193
1420.380000	1422.380000	194
1431.250000	1432.970000	195
1433.890000	1434.050000	196
1434.690000	1434.830000	197
1438.050000	1440.800000	198
1441.610000	1442.010000	199
1443.150000	1449.220000	200
1449.900000	1451.010000	201
1451.600000	1452.710000	202
1453.570000	1455.950000	203
1457.320000	1457.850000	204
1458.480000	1462.810000	205
1463.320000	1465.870000	206
1466.540000	1471.430000	207
1473.620000	1480.180000	208
1480.990000	1481.290000	209
1485.950000	1487.820000	210
1493.970000	1494.330000	211
1494.870000	1495.060000	212
1495.910000	1496.690000	213
1497.220000	1497.640000	214
1499.440000	1502.140000	215
1506.890000	1509.250000	216
1510.240000	1510.360000	217
1513.510000	1513.840000	218
1515.880000	1518.550000	219
1523.340000	1527.220000	220
1527.850000	1530.640000	221
1536.440000	1536.910000	222
1537.770000	1541.300000	223
1542.100000	1543.450000	224
1544.080000	1546.940000	225
1548.110000	1548.880000	226
1549.890000	1553.550000	227
1557.610000	1557.810000	228
1558.460000	1559.730000	229
1560.460000	1568.540000	230
1571.140000	1574.780000	231
1576.750000	1577.820000	232
1578.350000	1580.280000	233
1581.320000	1582.050000	234
1586.540000	1590.610000	235
1591.160000	1592.220000	236
1592.770000	1593.240000	237
1594.230000	1600.870000	238
1601.380000	1602.560000	239
1603.310000	1604.810000	240
1605.350000	1605.750000	241
1607.530000	1607.540000	242
1610.140000	1613.440000	243
1614.080000	1617.030000	244
1621.390000	1621.490000	245
1627.320000	1629.760000	246
1637.840000	1638.090000	247
1641.020000	1642.210000	248
1643.230000	1643.240000	249
1645.800000	1646.650000	250
1651.190000	1651.930000	251
1653.210000	1654.100000	252
1655.310000	1658.910000	253
1659.420000	1660.280000	254
1662.590000	1663.070000	255
1664.320000	1667.390000	256
1667.920000	1668.750000	257
1669.300000	1669.890000	258
1670.530000	1675.670000	259
1676.180000	1677.260000	260
1677.980000	1678.860000	261
1679.540000	1679.920000	262
1680.700000	1682.260000	263
1682.840000	1683.790000	264
1684.340000	1687.380000	265
1688.080000	1696.540000	266
1697.050000	1699.070000	267
1699.670000	1701.850000	268
1702.520000	1703.040000	269
1703.840000	1711.250000	270
1711.870000	1713.230000	271
1713.760000	1716.110000	272
1717.780000	1718.240000	273
1718.840000	1721.500000	274
1722.560000	1731.500000	275
1732.460000	1733.770000	276
1735.050000	1741.350000	277
1743.400000	1743.690000	278
1744.230000	1745.540000	279
1746.150000	1753.090000	280
1753.740000	1755.310000	281
1756.060000	1758.270000	282
1759.200000	1762.810000	283
1765.030000	1765.110000	284
1766.490000	1768.740000	285
1779.780000	1782.260000	286
1783.450000	1784.060000	287
1785.080000	1786.050000	288
1786.560000	1788.250000	289
1789.170000	1794.870000	290
1795.790000	1807.720000	291
1808.320000	1812.550000	292
1813.060000	1813.330000	293
1814.050000	1819.440000	294
1820.030000	1824.570000	295
1826.540000	1826.860000	296
1828.960000	1830.620000	297
1833.530000	1842.410000	298
1843.050000	1843.620000	299
1845.300000	1848.510000	300
1849.080000	1849.680000	301
1850.340000	1850.660000	302
1851.390000	1851.400000	303
1852.080000	1854.570000	304
1855.190000	1855.470000	305
1860.520000	1861.350000	306
1862.190000	1864.270000	307
1864.950000	1870.010000	308
1870.760000	1871.350000	309
1871.910000	1872.330000	310
1872.960000	1876.840000	311
1877.460000	1880.480000	312
1881.300000	1883.240000	313
1883.980000	1891.320000	314
1891.920000	1894.750000	315
1895.260000	1897.800000	316
1898.620000	1902.410000	317
1902.960000	1904.220000	318
1904.950000	1906.380000	319
1907.540000	1912.540000	320
1913.120000	1917.100000	321
1917.720000	1923.770000	322
1925.620000	1928.040000	323
1928.620000	1938.170000	324
1938.780000	1944.600000	325
1945.250000	1945.980000	326
1947.320000	1948.000000	327
1948.640000	1956.950000	328
1957.500000	1961.920000	329
1962.570000	1963.180000	330
1963.950000	1965.410000	331
1965.990000	1966.730000	332
1967.320000	1971.910000	333
1972.710000	1974.310000	334
1977.500000	1977.770000	335
1979.780000	1980.900000	336
1981.920000	1982.710000	337
1983.370000	1985.710000	338
1986.280000	1986.380000	339
1987.120000	1992.410000	340
1992.960000	2001.120000	341
2002.420000	2004.340000	342
2006.780000	2007.100000	343
2008.540000	2008.850000	344
2010.080000	2017.740000	345
2019.550000	2021.050000	346
2026.980000	2029.110000	347
2033.190000	2036.880000	348
2037.970000	2040.270000	349
2040.820000	2046.960000	350
2049.360000	2049.780000	351
2052.650000	2052.950000	352
2054.270000	2059.530000	353
2060.080000	2062.390000	354
2063.480000	2064.800000	355
2065.820000	2067.980000	356
2068.490000	2068.650000	357
2069.200000	2069.760000	358
2078.800000	2079.980000	359
2080.560000	2081.200000	360
2083.090000	2084.020000	361
2085.040000	2086.700000	362
2093.040000	2095.270000	363
2096.010000	2096.510000	364
2097.060000	2103.530000	365
2104.060000	2111.320000	366
2111.910000	2112.590000	367
2113.470000	2122.930000	368
2124.050000	2124.820000	369
2125.560000	2127.500000	370
2128.210000	2129.180000	371
2129.790000	2134.330000	372
2134.960000	2136.840000	373
2137.450000	2140.210000	374
2140.890000	2141.240000	375
2142.280000	2157.350000	376
2158.400000	2159.800000	377
2161.210000	2161.650000	378
2162.420000	2162.880000	379
2164.030000	2166.040000	380
2167.080000	2172.500000	381
2173.310000	2174.450000	382
2175.610000	2176.220000	383
2176.850000	2182.310000	384
2182.880000	2187.080000	385
2187.620000	2191.130000	386
2193.720000	2197.040000	387
2197.720000	2203.370000	388
2204.270000	2206.970000	389
2207.840000	2209.500000	390
2210.550000	2211.660000	391
2212.380000	2216.780000	392
2218.370000	2218.920000	393
2220.410000	2221.670000	394
2222.920000	2223.920000	395
2224.600000	2226.930000	396
2227.570000	2229.290000	397
2230.580000	2247.590000	398
2250.280000	2250.500000	399
2261.480000	2270.780000	400
2271.840000	2272.210000	401
2272.880000	2275.530000	402
2276.470000	2277.870000	403
2278.480000	2283.960000	404
2284.500000	2286.370000	405
2287.100000	2287.900000	406
2288.450000	2291.090000	407
2292.930000	2294.980000	408
2296.010000	2297.260000	409
2298.310000	2299.160000	410
2300.190000	2301.790000	411
2302.340000	2304.800000	412
2309.670000	2313.000000	413
2317.580000	2319.070000	414
2329.550000	2329.850000	415
2330.550000	2343.160000	416
2343.720000	2345.150000	417
2349.220000	2355.120000	418
2363.110000	2365.840000	419
2366.600000	2374.650000	420
2375.740000	2378.550000	421
2379.330000	2381.970000	422
2382.780000	2383.490000	423
2384.220000	2386.470000	424
2387.280000	2388.520000	425
2389.250000	2392.020000	426
2392.720000	2393.660000	427
2394.410000	2400.100000	428
2400.680000	2407.330000	429
2408.460000	2413.010000	430
2414.410000	2414.980000	431
2415.550000	2419.030000	432
2419.890000	2424.440000	433
2425.380000	2429.970000	434
2434.590000	2435.810000	435
2436.440000	2437.020000	436
2437.630000	2438.370000	437
2441.230000	2442.760000	438
2444.140000	2452.230000	439
2454.110000	2458.050000	440
2463.690000	2464.490000	441
2471.260000	2472.240000	442
2476.370000	2478.570000	443
2487.330000	2487.540000	444
2489.960000	2492.860000	445
2493.680000	2500.910000	446
2501.970000	2504.760000	447
2507.380000	2512.900000	448
2513.410000	2514.110000	449
2515.300000	2516.000000	450
2516.580000	2521.840000	451
2525.890000	2526.030000	452
2527.010000	2531.040000	453
2531.580000	2533.550000	454
2534.090000	2536.430000	455
2539.800000	2545.000000	456
2545.530000	2548.510000	457
2549.290000	2549.980000	458
2550.540000	2551.010000	459
2554.320000	2554.370000	460
2554.880000	2556.060000	461
2556.680000	2561.290000	462
2562.060000	2562.760000	463
2564.580000	2564.870000	464
2566.040000	2567.920000	465
2568.770000	2575.990000	466
2579.830000	2580.990000	467
2581.870000	2592.790000	468
2593.540000	2594.390000	469
2595.940000	2597.750000	470
2600.840000	2601.550000	471
2602.450000	2603.700000	472
2604.630000	2613.110000	473
2614.320000	2615.080000	474
2622.480000	2623.210000	475
2626.020000	2627.500000	476
2634.930000	2641.240000	477
2641.760000	2646.120000	478
2647.120000	2648.400000	479
2650.760000	2654.770000	480
2655.890000	2660.160000	481
2661.350000	2661.580000	482
2662.430000	2662.630000	483
2663.200000	2663.690000	484
2674.540000	2675.340000	485
2676.090000	2676.240000	486
2677.140000	2681.810000	487
2684.790000	2684.990000	488
2688.730000	2691.890000	489
2692.540000	2694.030000	490
2694.580000	2696.070000	491
2696.740000	2698.460000	492
2699.070000	2700.580000	493
2701.110000	2701.820000	494
2703.590000	2705.890000	495
2709.390000	2713.900000	496
2714.780000	2718.560000	497
2719.250000	2721.650000	498
2722.740000	2722.750000	499
2723.640000	2724.820000	500
2725.730000	2726.620000	501
2727.490000	2728.810000	502
2729.470000	2730.020000	503
2731.060000	2731.900000	504
2736.790000	2736.830000	505
2737.910000	2745.600000	506
2746.310000	2752.240000	507
2752.920000	2753.650000	508
2758.160000	2764.560000	509
2765.080000	2766.060000	510
2766.580000	2774.950000	511
2776.270000	2779.440000	512
2785.140000	2788.030000	513
2788.570000	2788.920000	514
2789.560000	2795.260000	515
2796.450000	2796.600000	516
2797.750000	2802.620000	517
2803.220000	2805.430000	518
2806.140000	2807.140000	519
2807.780000	2811.840000	520
2820.250000	2825.350000	521
2826.280000	2826.740000	522
2837.070000	2842.370000	523
2843.210000	2844.670000	524
2845.220000	2847.930000	525
2848.890000	2852.040000	526
2856.530000	2860.010000	527
2860.740000	2862.950000	528
2863.610000	2864.050000	529
2868.940000	2874.150000	530
2875.370000	2875.590000	531
2876.860000	2877.180000	532
2877.770000	2884.000000	533
2887.380000	2889.380000	534
2891.480000	2896.360000	535
2899.230000	2900.230000	536
2902.520000	2905.040000	537
2907.920000	2908.780000	538
2911.160000	2912.370000	539
2913.720000	2914.080000	540
2915.260000	2917.100000	541
2917.650000	2918.390000	542
2922.050000	2923.690000	543
2924.270000	2928.290000	544
2929.150000	2930.420000	545
2931.070000	2934.430000	546
2935.560000	2937.260000	547
2937.840000	2938.360000	548
2939.370000	2944.860000	549
2945.610000	2951.740000	550
2952.330000	2956.270000	551
2956.900000	2957.540000	552
2958.150000	2959.110000	553
2960.570000	2962.290000	554
2963.050000	2971.470000	555
2972.570000	2973.950000	556
2978.340000	2980.010000	557
2981.820000	2982.520000	558
2983.560000	2984.580000	559
2993.280000	2994.920000	560
2996.470000	3000.100000	561
3001.430000	3004.190000	562
3004.920000	3005.910000	563
3008.800000	3009.060000	564
3010.020000	3013.170000	565
3015.320000	3016.670000	566
3017.360000	3028.980000	567
3036.040000	3038.940000	568
3039.460000	3044.490000	569
3045.850000	3050.550000	570
3062.890000	3068.060000	571
3068.760000	3068.980000	572
3069.690000	3072.420000	573
3073.060000	3076.240000	574
3077.190000	3077.230000	575
3078.120000	3078.530000	576
3079.140000	3081.560000	577
3087.950000	3089.620000	578
3090.630000	3092.730000	579
3095.280000	3095.420000	580
3099.310000	3106.560000	581
3107.100000	3116.440000	582
3117.280000	3117.970000	583
3118.610000	3125.910000	584
3126.590000	3127.200000	585
3127.790000	3136.730000	586
3138.230000	3139.270000	587
3139.820000	3152.370000	588
3152.950000	3154.810000	589
3156.660000	3157.140000	590
3157.770000	3163.750000	591
3164.350000	3164.780000	592
3166.220000	3171.250000	593
3171.920000	3173.110000	594
3177.170000	3181.220000	595
3182.880000	3187.270000	596
3188.040000	3188.120000	597
3189.600000	3192.950000	598
3194.210000	3200.720000	599
3201.750000	3202.990000	600
3203.820000	3208.600000	601
3209.310000	3209.610000	602
3211.330000	3211.430000	603
3218.910000	3220.410000	604
3222.520000	3224.030000	605
3238.930000	3240.100000	606
3240.930000	3242.090000	607
3242.600000	3242.660000	608
3246.250000	3247.420000	609
3248.100000	3250.820000	610
3251.690000	3252.960000	611
3259.590000	3259.860000	612
3275.570000	3277.780000	613
3281.770000	3281.960000	614
3284.810000	3285.350000	615
3286.970000	3287.690000	616
3289.040000	3289.270000	617
3301.780000	3304.080000	618
3304.650000	3306.090000	619
3306.970000	3307.790000	620
3308.540000	3314.410000	621
3315.110000	3316.070000	622
3316.620000	3327.310000	623
3327.860000	3346.020000	624
3346.600000	3352.540000	625
3353.960000	3358.170000	626
3358.700000	3360.900000	627
3361.680000	3363.400000	628
3367.810000	3370.510000	629
3371.260000	3371.910000	630
3378.150000	3395.960000	631
3396.520000	3397.140000	632
3397.850000	3398.220000	633
3399.130000	3401.930000	634
3402.840000	3404.210000	635
3404.770000	3409.550000	636
3410.140000	3421.160000	637
3422.180000	3425.560000	638
3426.230000	3429.570000	639
3430.450000	3444.200000	640
3445.030000	3448.590000	641
3449.260000	3452.820000	642
3453.630000	3456.470000	643
3457.630000	3459.230000	644
3460.540000	3465.340000	645
3466.150000	3466.730000	646
3470.200000	3477.190000	647
3478.030000	3480.690000	648
3481.240000	3482.450000	649
3486.850000	3487.130000	650
3487.660000	3488.160000	651
3489.020000	3489.920000	652
3490.530000	3491.640000	653
3492.500000	3493.190000	654
3494.490000	3494.910000	655
3495.420000	3495.970000	656
3497.210000	3499.210000	657
3499.950000	3505.100000	658
3505.610000	3506.110000	659
3506.800000	3513.940000	660
3516.300000	3517.110000	661
3517.660000	3523.800000	662
3525.350000	3526.480000	663
3527.190000	3527.980000	664
3528.850000	3532.860000	665
3533.440000	3534.600000	666
3536.990000	3539.250000	667
3541.140000	3544.650000	668
3545.870000	3554.750000	669
3555.390000	3564.480000	670
3565.480000	3569.740000	671
3571.500000	3574.110000	672
3574.680000	3581.540000	673
3582.450000	3582.660000	674
3597.280000	3600.030000	675
3600.730000	3602.720000	676
3603.460000	3606.950000	677
3607.590000	3608.890000	678
3609.800000	3614.890000	679
3616.170000	3621.040000	680
3630.790000	3632.990000	681
3633.970000	3636.560000	682
3637.130000	3637.240000	683
3638.660000	3638.970000	684
3646.360000	3647.670000	685
3648.340000	3650.510000	686
3651.870000	3652.200000	687
3652.710000	3653.680000	688
3654.250000	3656.850000	689
3657.360000	3659.920000	690
3660.590000	3664.650000	691
3665.280000	3666.700000	692
3669.860000	3679.620000	693
3680.770000	3682.340000	694
3686.200000	3688.610000	695
3689.280000	3690.000000	696
3690.820000	3691.600000	697
3693.170000	3693.230000	698
3694.310000	3694.880000	699
3697.380000	3697.820000	700
3704.250000	3704.470000	701
3710.550000	3712.620000	702
3713.190000	3713.340000	703
3715.420000	3717.700000	704
3718.320000	3718.540000	705
3727.640000	3730.350000	706
3731.220000	3736.010000	707
3736.770000	3737.490000	708
3739.800000	3750.110000	709
3750.890000	3755.250000	710
3755.850000	3758.030000	711
3758.720000	3759.890000	712
3761.590000	3763.750000	713
3767.470000	3769.430000	714
3769.950000	3770.180000	715
3772.370000	3772.970000	716
3773.640000	3776.470000	717
3780.700000	3781.780000	718
3787.150000	3789.190000	719
3791.150000	3792.420000	720
3794.680000	3796.750000	721
3807.730000	3818.530000	722
3819.160000	3819.160000	[End]
